=== Model Metrics Summary ===

sum_abs_diff: 84.098564

mean_per_point: 0.000950

sum_per_component: [0.161994, 0.080508, 79.384644, 0.115154, 4.202892, 0.149332]

avg_per_component: [0.000011, 0.000005, 0.005382, 0.000008, 0.000285, 0.000010]

median_of_points: [0.000009, 0.000004, 0.005382, 0.000006, 0.000285, 0.000008]

correlation_coefficient: -0.236980

net_accuracy: -95.399078

num_params: 1016.000000

frobenius_norm: 0.005390

