=== Model Metrics Summary ===

sum_abs_diff: 21689.746094

mean_per_point: 0.245065

sum_per_component: [6852.533691, 4308.968750, 3504.971191, 3044.849365, 1710.029175, 2268.408447]

avg_per_component: [0.464547, 0.292114, 0.237609, 0.206416, 0.115926, 0.153780]

median_of_points: [0.462152, 0.293796, 0.235661, 0.207076, 0.113487, 0.155085]

correlation_coefficient: 0.015935

net_accuracy: -24861.154297

num_params: 1026.000000

frobenius_norm: 0.661486

