=== Model Metrics Summary ===

sum_abs_diff: 0.529059

mean_per_point: 0.000006

sum_per_component: [0.161411, 0.098529, 0.000000, 0.119137, 0.000000, 0.149983]

avg_per_component: [0.000011, 0.000007, 0.000000, 0.000008, 0.000000, 0.000010]

median_of_points: [0.000008, 0.000007, 0.000000, 0.000008, 0.000000, 0.000006]

correlation_coefficient: 0.732800

net_accuracy: 0.393559

num_params: 1686.000000

frobenius_norm: 0.000020

