=== Model Metrics Summary ===

sum_abs_diff: 0.506814

mean_per_point: 0.000006

sum_per_component: [0.161485, 0.080839, 0.000000, 0.115397, 0.000000, 0.149093]

avg_per_component: [0.000011, 0.000005, 0.000000, 0.000008, 0.000000, 0.000010]

median_of_points: [0.000009, 0.000005, 0.000000, 0.000007, 0.000000, 0.000008]

correlation_coefficient: 0.752367

net_accuracy: 0.419058

num_params: 1672.000000

frobenius_norm: 0.000019

